0.791917568407954
1.81174268041783
2.68016177018878
2.04445508560605
2.34213611043395
1.9340524835327
1.79748005071075
0.790880517982035
0.401048730324217
1.71689799821447
2.76131442203179
0.790949881258582
3.29337468600422
1.99164956967911
0.929285518816524
1.98760839981275
1.82863349155178
0.735125344651159
1.53102536753106
0.932384493138947
1.75639824277846
1.83590203635968
2.05687061823558
1.01359751534493
2.16132779440651
-0.406090921168265
-0.0152771584946596
0.297480411011758
-0.211308043591258
4.22653897449455
0.340157893824279
0.832295698331407
0.507161819880436
1.28164959594105
2.55028696068581
0.380192907998461
0.890189696900542
-0.310677315567302
3.47685359790071
0.812802036479973
1.75331856798269
1.93797505573681
1.26054209055631
1.89107424941555
0.0572931648226727
3.09353940712167
0.568820065114712
2.23374157357383
1.27755128372537
0.839136077800322
1.92738825619725
4.0370343116063
3.64046707172837
3.11223272341042
2.18162846967521
1.95153127824394
0.0952308139192
0.556940566151759
2.66365292499712
0.280315284183219
0.752487500845589
1.62223578134701
0.197622411654446
1.76100557231235
1.35300060775667
0.599964042211943
1.59386407538991
1.90665792048732
0.905411762663984
2.57469311835954
1.07497555320816
1.08689517032045
1.20448643596782
2.4668138297709
2.04330651245264
2.87593530998597
3.41076202661954
2.06908851106951
2.36779617885773
3.36149946717749
1.03749115783377
0.34128978057098
1.98388957508378
1.83038346086645
2.13966275164619
1.57327105886327
3.48983106805959
1.6156682959778
1.22045878106625
1.67769949306184
3.06429270869806
0.796418441526821
0.623086722263977
0.956404648007892
2.42805168179399
3.25322026801273
0.419783204272427
2.79844640022345
3.07471563676498
1.00257917918466
0.769828241458967
1.39490965201778
1.0289772294959
0.139783122269031
1.92354858592445
1.72955848398225
1.60992053008321
1.92070913952989
2.53382691482642
0.747232284941024
0.767950664287177
0.656793046392276
1.56977051771828
3.09070904727791
1.89837079727795
2.46577537298369
0.246525115726065
0.813038064475889
1.34476368179498
0.992552533883598
2.75592194054439
1.74726885046767
0.311988989606861
-0.187113010219872
0.975325684681486
2.20445302061951
0.920597663012381
1.00832485660302
1.140463087075
2.20202909705754
3.36110926119106
1.90612134450203
0.97906193909163
0.800718846004199
2.06826377734746
1.01129469395642
1.04435082853798
-1.25271763726809
2.54335721533562
2.96123848152588
1.14526622569658
2.06139215365956
0.840397693407632
0.996059638765402
2.53919069219183
0.964322330359569
0.975713716033462
0.850818145988055
0.856945076516015
2.36688948848737
2.06905760177191
1.79229908609285
0.525056329226617
1.88975404870119
0.760082645597845
0.991992272506358
2.42551157421115
1.22276970115157
0.290609453477813
0.744723762033008
2.00215457780553
4.15721931006142
0.896198401803289
1.19378805852934
1.85630287718919
0.293791507533776
1.41218013761638
1.82416273332359
3.16128898109327
2.16997307210764
1.79348631792789
1.40867014938985
2.58136338421024
0.259760886075053
2.41284425764434
1.38823733070035
2.12583608125377
0.893217711338466
0.918647231529972
0.6620619700855
1.40854195296517
0.786994572934714
0.561855601090042
1.41450068729591
0.122834614366729
1.84693808789371
2.91176797866573
3.11721799788082
1.02628360583419
2.28817723983156
2.2110818218838
3.52292100297157
1.80150103127192
0.653154851660746
0.577127323911507
0.612056680359967
1.63885378070289
1.12419283869598
-0.469943800775896
3.15520140064213
